Group	C23v 
n	13

     	Irred     	Operation
   1 	 A1         	 E         
   2 	 A2         	 C23       
   3 	 E1         	 C23^2     
   4 	 E2         	 C23^3     
   5 	 E3         	 C23^4     
   6 	 E4         	 C23^5     
   7 	 E5         	 C23^6     
   8 	 E6         	 C23^7     
   9 	 E7         	 C23^8     
  10 	 E8         	 C23^9     
  11 	 E9         	 C23^10    
  12 	 E10        	 C23^11    
  13 	 E11        	 sv        

Table
         1         2         3         4         5         6         7         8         9         10        11        12        13     
   1   1.00000   1.00000   1.00000   1.00000   1.00000   1.00000   1.00000   1.00000   1.00000   1.00000   1.00000   1.00000   1.00000  
   2   1.00000   1.00000   1.00000   1.00000   1.00000   1.00000   1.00000   1.00000   1.00000   1.00000   1.00000   1.00000  -1.00000  
   3   2.00000   1.92583   1.70884   1.36511   0.92013   0.40691  -0.13648  -0.66976  -1.15336  -1.55142  -1.83442  -1.98137   0.00000  
   4   2.00000   1.70884   0.92013  -0.13648  -1.15336  -1.83442  -1.98137  -1.55142  -0.66976   0.40691   1.36511   1.92583   0.00000  
   5   2.00000   1.36511  -0.13648  -1.55142  -1.98137  -1.15336   0.40691   1.70884   1.92583   0.92013  -0.66976  -1.83442   0.00000  
   6   2.00000   0.92013  -1.15336  -1.98137  -0.66976   1.36511   1.92583   0.40691  -1.55142  -1.83442  -0.13648   1.70884   0.00000  
   7   2.00000   0.40691  -1.83442  -1.15336   1.36511   1.70884  -0.66976  -1.98137  -0.13648   1.92583   0.92013  -1.55142   0.00000  
   8   2.00000  -0.13648  -1.98137   0.40691   1.92583  -0.66976  -1.83442   0.92013   1.70884  -1.15336  -1.55142   1.36511   0.00000  
   9   2.00000  -0.66976  -1.55142   1.70884   0.40691  -1.98137   0.92013   1.36511  -1.83442  -0.13648   1.92583  -1.15336   0.00000  
  10   2.00000  -1.15336  -0.66976   1.92583  -1.55142  -0.13648   1.70884  -1.83442   0.40691   1.36511  -1.98137   0.92013   0.00000  
  11   2.00000  -1.55142   0.40691   0.92013  -1.83442   1.92583  -1.15336  -0.13648   1.36511  -1.98137   1.70884  -0.66976   0.00000  
  12   2.00000  -1.83442   1.36511  -0.66976  -0.13648   0.92013  -1.55142   1.92583  -1.98137   1.70884  -1.15336   0.40691   0.00000  
  13   2.00000  -1.98137   1.92583  -1.83442   1.70884  -1.55142   1.36511  -1.15336   0.92013  -0.66976   0.40691  -0.13648   0.00000  

