Group	D11d 
n	14

     	Irred     	Operation
   1 	 A1g        	 E         
   2 	 A2g        	 C11       
   3 	 E1g        	 C11^2     
   4 	 E2g        	 C11^3     
   5 	 E3g        	 C11^4     
   6 	 E4g        	 C11^5     
   7 	 E5g        	 C2'       
   8 	 A1u        	 i         
   9 	 A2u        	 S22       
  10 	 E1u        	 S22^3     
  11 	 E2u        	 S22^5     
  12 	 E3u        	 S22^7     
  13 	 E4u        	 S22^9     
  14 	 E5u        	 sd        

Table
         1         2         3         4         5         6         7         8         9         10        11        12        13        14     
   1   1.00000   1.00000   1.00000   1.00000   1.00000   1.00000   1.00000   1.00000   1.00000   1.00000   1.00000   1.00000   1.00000   1.00000  
   2   1.00000   1.00000   1.00000   1.00000   1.00000   1.00000  -1.00000   1.00000   1.00000   1.00000   1.00000   1.00000   1.00000  -1.00000  
   3   2.00000   1.68250   0.83080  -0.28460  -1.30970  -1.91890   0.00000   2.00000  -1.91890  -1.30970  -0.28460   0.83080   1.68250   0.00000  
   4   2.00000   0.83080  -1.30970  -1.91890  -0.28460   1.68250   0.00000   2.00000   1.68250  -0.28460  -1.91890  -1.30970   0.83080   0.00000  
   5   2.00000  -0.28460  -1.91890   0.83080   1.68250  -1.30970   0.00000   2.00000  -1.30970   1.68250   0.83080  -1.91890  -0.28460   0.00000  
   6   2.00000  -1.30970  -0.28460   1.68250  -1.91890   0.83080   0.00000   2.00000   0.83080  -1.91890   1.68250  -0.28460  -1.30970   0.00000  
   7   2.00000  -1.91890   1.68250  -1.30970   0.83080  -0.28460   0.00000   2.00000  -0.28460   0.83080  -1.30970   1.68250  -1.91890   0.00000  
   8   1.00000   1.00000   1.00000   1.00000   1.00000   1.00000   1.00000  -1.00000  -1.00000  -1.00000  -1.00000  -1.00000  -1.00000  -1.00000  
   9   1.00000   1.00000   1.00000   1.00000   1.00000   1.00000  -1.00000  -1.00000  -1.00000  -1.00000  -1.00000  -1.00000  -1.00000   1.00000  
  10   2.00000   1.68250   0.83080  -0.28460  -1.30970  -1.91890   0.00000  -2.00000   1.91890   1.30970   0.28460  -0.83080  -1.68250   0.00000  
  11   2.00000   0.83080  -1.30970  -1.91890  -0.28460   1.68250   0.00000  -2.00000  -1.68250   0.28460   1.91890   1.30970  -0.83080   0.00000  
  12   2.00000  -0.28460  -1.91890   0.83080   1.68250  -1.30970   0.00000  -2.00000   1.30970  -1.68250  -0.83080   1.91890   0.28460   0.00000  
  13   2.00000  -1.30970  -0.28460   1.68250  -1.91890   0.83080   0.00000  -2.00000  -0.83080   1.91890  -1.68250   0.28460   1.30970   0.00000  
  14   2.00000  -1.91890   1.68250  -1.30970   0.83080  -0.28460   0.00000  -2.00000   0.28460  -0.83080   1.30970  -1.68250   1.91890   0.00000  

