Group	D13d 
n	16

     	Irred     	Operation
   1 	 A1g        	 E         
   2 	 A2g        	 C13       
   3 	 E1g        	 C13^2     
   4 	 E2g        	 C13^3     
   5 	 E3g        	 C13^4     
   6 	 E4g        	 C13^5     
   7 	 E5g        	 C13^6     
   8 	 E6g        	 C2'       
   9 	 A1u        	 i         
  10 	 A2u        	 S26       
  11 	 E1u        	 S26^3     
  12 	 E2u        	 S26^5     
  13 	 E3u        	 S26^7     
  14 	 E4u        	 S26^9     
  15 	 E5u        	 S26^11    
  16 	 E6u        	 sd        

Table
         1         2         3         4         5         6         7         8         9         10        11        12        13        14        15        16     
   1   1.00000   1.00000   1.00000   1.00000   1.00000   1.00000   1.00000   1.00000   1.00000   1.00000   1.00000   1.00000   1.00000   1.00000   1.00000   1.00000  
   2   1.00000   1.00000   1.00000   1.00000   1.00000   1.00000   1.00000  -1.00000   1.00000   1.00000   1.00000   1.00000   1.00000   1.00000   1.00000  -1.00000  
   3   2.00000   1.77091   1.13613   0.24107  -0.70921  -1.49702  -1.94188   0.00000   2.00000  -1.94188  -1.49702  -0.70921   0.24107   1.13613   1.77091   0.00000  
   4   2.00000   1.13613  -0.70921  -1.94188  -1.49702   0.24107   1.77091   0.00000   2.00000   1.77091   0.24107  -1.49702  -1.94188  -0.70921   1.13613   0.00000  
   5   2.00000   0.24107  -1.94188  -0.70921   1.77091   1.13613  -1.49702   0.00000   2.00000  -1.49702   1.13613   1.77091  -0.70921  -1.94188   0.24107   0.00000  
   6   2.00000  -0.70921  -1.49702   1.77091   0.24107  -1.94188   1.13613   0.00000   2.00000   1.13613  -1.94188   0.24107   1.77091  -1.49702  -0.70921   0.00000  
   7   2.00000  -1.49702   0.24107   1.13613  -1.94188   1.77091  -0.70921   0.00000   2.00000  -0.70921   1.77091  -1.94188   1.13613   0.24107  -1.49702   0.00000  
   8   2.00000  -1.94188   1.77091  -1.49702   1.13613  -0.70921   0.24107   0.00000   2.00000   0.24107  -0.70921   1.13613  -1.49702   1.77091  -1.94188   0.00000  
   9   1.00000   1.00000   1.00000   1.00000   1.00000   1.00000   1.00000   1.00000  -1.00000  -1.00000  -1.00000  -1.00000  -1.00000  -1.00000  -1.00000  -1.00000  
  10   1.00000   1.00000   1.00000   1.00000   1.00000   1.00000   1.00000  -1.00000  -1.00000  -1.00000  -1.00000  -1.00000  -1.00000  -1.00000  -1.00000   1.00000  
  11   2.00000   1.77091   1.13613   0.24107  -0.70921  -1.49702  -1.94188   0.00000  -2.00000   1.94188   1.49702   0.70921  -0.24107  -1.13613  -1.77091   0.00000  
  12   2.00000   1.13613  -0.70921  -1.94188  -1.49702   0.24107   1.77091   0.00000  -2.00000  -1.77091  -0.24107   1.49702   1.94188   0.70921  -1.13613   0.00000  
  13   2.00000   0.24107  -1.94188  -0.70921   1.77091   1.13613  -1.49702   0.00000  -2.00000   1.49702  -1.13613  -1.77091   0.70921   1.94188  -0.24107   0.00000  
  14   2.00000  -0.70921  -1.49702   1.77091   0.24107  -1.94188   1.13613   0.00000  -2.00000  -1.13613   1.94188  -0.24107  -1.77091   1.49702   0.70921   0.00000  
  15   2.00000  -1.49702   0.24107   1.13613  -1.94188   1.77091  -0.70921   0.00000  -2.00000   0.70921  -1.77091   1.94188  -1.13613  -0.24107   1.49702   0.00000  
  16   2.00000  -1.94188   1.77091  -1.49702   1.13613  -0.70921   0.24107   0.00000  -2.00000  -0.24107   0.70921  -1.13613   1.49702  -1.77091   1.94188   0.00000  

