Group	D16h 
n	22

     	Irred     	Operation
   1 	 A1g        	 E         
   2 	 A2g        	 C16       
   3 	 B1g        	 C8        
   4 	 B2g        	 C16^3     
   5 	 E1g        	 C4        
   6 	 E2g        	 C16^5     
   7 	 E3g        	 C8^3      
   8 	 E4g        	 C16^7     
   9 	 E5g        	 C2        
  10 	 E6g        	 C2'       
  11 	 E7g        	 C2"       
  12 	 A1u        	 i         
  13 	 A2u        	 S16       
  14 	 B1u        	 S8        
  15 	 B2u        	 S16^3     
  16 	 E1u        	 S4        
  17 	 E2u        	 S16^5     
  18 	 E3u        	 S8^3      
  19 	 E4u        	 S16^7     
  20 	 E5u        	 sh        
  21 	 E6u        	 sv        
  22 	 E7u        	 sd        

Table
         1         2         3         4         5         6         7         8         9         10        11        12        13        14        15        16        17        18        19        20        21        22     
   1   1.00000   1.00000   1.00000   1.00000   1.00000   1.00000   1.00000   1.00000   1.00000   1.00000   1.00000   1.00000   1.00000   1.00000   1.00000   1.00000   1.00000   1.00000   1.00000   1.00000   1.00000   1.00000  
   2   1.00000   1.00000   1.00000   1.00000   1.00000   1.00000   1.00000   1.00000   1.00000  -1.00000  -1.00000   1.00000   1.00000   1.00000   1.00000   1.00000   1.00000   1.00000   1.00000   1.00000  -1.00000  -1.00000  
   3   1.00000  -1.00000   1.00000  -1.00000   1.00000  -1.00000   1.00000  -1.00000   1.00000   1.00000  -1.00000   1.00000  -1.00000   1.00000  -1.00000   1.00000  -1.00000   1.00000  -1.00000   1.00000   1.00000  -1.00000  
   4   1.00000  -1.00000   1.00000  -1.00000   1.00000  -1.00000   1.00000  -1.00000   1.00000  -1.00000   1.00000   1.00000  -1.00000   1.00000  -1.00000   1.00000  -1.00000   1.00000  -1.00000   1.00000  -1.00000   1.00000  
   5   2.00000   1.84770   1.41420   0.76530   0.00000  -0.76530  -1.41420  -1.84770  -2.00000   0.00000   0.00000   2.00000  -1.84770  -1.41420  -0.76530   0.00000   0.76530   1.41420   1.84770  -2.00000   0.00000   0.00000  
   6   2.00000   1.41420   0.00000  -1.41420  -2.00000  -1.41420   0.00000   1.41420   2.00000   0.00000   0.00000   2.00000   1.41420   0.00000  -1.41420  -2.00000  -1.41420   0.00000   1.41420   2.00000   0.00000   0.00000  
   7   2.00000   0.76530  -1.41420  -1.84770   0.00000   1.84770   1.41420  -0.76530  -2.00000   0.00000   0.00000   2.00000  -0.76530   1.41420   1.84770   0.00000  -1.84770  -1.41420   0.76530  -2.00000   0.00000   0.00000  
   8   2.00000   0.00000  -2.00000   0.00000   2.00000   0.00000  -2.00000   0.00000   2.00000   0.00000   0.00000   2.00000   0.00000  -2.00000   0.00000   2.00000   0.00000  -2.00000   0.00000   2.00000   0.00000   0.00000  
   9   2.00000  -0.76530  -1.41420   1.84770   0.00000  -1.84770   1.41420   0.76530  -2.00000   0.00000   0.00000   2.00000   0.76530   1.41420  -1.84770   0.00000   1.84770  -1.41420  -0.76530  -2.00000   0.00000   0.00000  
  10   2.00000  -1.41420   0.00000   1.41420  -2.00000   1.41420   0.00000  -1.41420   2.00000   0.00000   0.00000   2.00000  -1.41420   0.00000   1.41420  -2.00000   1.41420   0.00000  -1.41420   2.00000   0.00000   0.00000  
  11   2.00000  -1.84770   1.41420  -0.76530   0.00000   0.76530  -1.41420   1.84770  -2.00000   0.00000   0.00000   2.00000   1.84770  -1.41420   0.76530   0.00000  -0.76530   1.41420  -1.84770  -2.00000   0.00000   0.00000  
  12   1.00000   1.00000   1.00000   1.00000   1.00000   1.00000   1.00000   1.00000   1.00000   1.00000   1.00000  -1.00000  -1.00000  -1.00000  -1.00000  -1.00000  -1.00000  -1.00000  -1.00000  -1.00000  -1.00000  -1.00000  
  13   1.00000   1.00000   1.00000   1.00000   1.00000   1.00000   1.00000   1.00000   1.00000  -1.00000  -1.00000  -1.00000  -1.00000  -1.00000  -1.00000  -1.00000  -1.00000  -1.00000  -1.00000  -1.00000   1.00000   1.00000  
  14   1.00000  -1.00000   1.00000  -1.00000   1.00000  -1.00000   1.00000  -1.00000   1.00000   1.00000  -1.00000  -1.00000   1.00000  -1.00000   1.00000  -1.00000   1.00000  -1.00000   1.00000  -1.00000  -1.00000   1.00000  
  15   1.00000  -1.00000   1.00000  -1.00000   1.00000  -1.00000   1.00000  -1.00000   1.00000  -1.00000   1.00000  -1.00000   1.00000  -1.00000   1.00000  -1.00000   1.00000  -1.00000   1.00000  -1.00000   1.00000  -1.00000  
  16   2.00000   1.84770   1.41420   0.76530   0.00000  -0.76530  -1.41420  -1.84770  -2.00000   0.00000   0.00000  -2.00000   1.84770   1.41420   0.76530   0.00000  -0.76530  -1.41420  -1.84770   2.00000   0.00000   0.00000  
  17   2.00000   1.41420   0.00000  -1.41420  -2.00000  -1.41420   0.00000   1.41420   2.00000   0.00000   0.00000  -2.00000  -1.41420   0.00000   1.41420   2.00000   1.41420   0.00000  -1.41420  -2.00000   0.00000   0.00000  
  18   2.00000   0.76530  -1.41420  -1.84770   0.00000   1.84770   1.41420  -0.76530  -2.00000   0.00000   0.00000  -2.00000   0.76530  -1.41420  -1.84770   0.00000   1.84770   1.41420  -0.76530   2.00000   0.00000   0.00000  
  19   2.00000   0.00000  -2.00000   0.00000   2.00000   0.00000  -2.00000   0.00000   2.00000   0.00000   0.00000  -2.00000   0.00000   2.00000   0.00000  -2.00000   0.00000   2.00000   0.00000  -2.00000   0.00000   0.00000  
  20   2.00000  -0.76530  -1.41420   1.84770   0.00000  -1.84770   1.41420   0.76530  -2.00000   0.00000   0.00000  -2.00000  -0.76530  -1.41420   1.84770   0.00000  -1.84770   1.41420   0.76530   2.00000   0.00000   0.00000  
  21   2.00000  -1.41420   0.00000   1.41420  -2.00000   1.41420   0.00000  -1.41420   2.00000   0.00000   0.00000  -2.00000   1.41420   0.00000  -1.41420   2.00000  -1.41420   0.00000   1.41420  -2.00000   0.00000   0.00000  
  22   2.00000  -1.84770   1.41420  -0.76530   0.00000   0.76530  -1.41420   1.84770  -2.00000   0.00000   0.00000  -2.00000  -1.84770   1.41420  -0.76530   0.00000   0.76530  -1.41420   1.84770   2.00000   0.00000   0.00000  

