Group	D17 
n	10

     	Irred     	Operation
   1 	 A1         	 E         
   2 	 A2         	 C17       
   3 	 E1         	 C17^2     
   4 	 E2         	 C17^3     
   5 	 E3         	 C17^4     
   6 	 E4         	 C17^5     
   7 	 E5         	 C17^6     
   8 	 E6         	 C17^7     
   9 	 E7         	 C17^8     
  10 	 E8         	 C2'       

Table
         1         2         3         4         5         6         7         8         9         10     
   1   1.00000   1.00000   1.00000   1.00000   1.00000   1.00000   1.00000   1.00000   1.00000   1.00000  
   2   1.00000   1.00000   1.00000   1.00000   1.00000   1.00000   1.00000   1.00000   1.00000  -1.00000  
   3   2.00000   1.86490   1.47800   0.89140   0.18450  -0.54730  -1.20520  -1.70040  -1.96590   0.00000  
   4   2.00000   1.47800   0.18450  -1.20520  -1.96590  -1.70040  -0.54730   0.89140   1.86490   0.00000  
   5   2.00000   0.89140  -1.20520  -1.96590  -0.54730   1.47800   1.86490   0.18450  -1.70040   0.00000  
   6   2.00000   0.18450  -1.96590  -0.54730   1.86490   0.89140  -1.70040  -1.20520   1.47800   0.00000  
   7   2.00000  -0.54730  -1.70040   1.47800   0.89140  -1.96590   0.18450   1.86490  -1.20520   0.00000  
   8   2.00000  -1.20520  -0.54730   1.86490  -1.70040   0.18450   1.47800  -1.96590   0.89140   0.00000  
   9   2.00000  -1.70040   0.89140   0.18450  -1.20520   1.86490  -1.96590   1.47800  -0.54730   0.00000  
  10   2.00000  -1.96590   1.86490  -1.70040   1.47800  -1.20520   0.89140  -0.54730   0.18450   0.00000  

