Group	D17d 
n	20

     	Irred     	Operation
   1 	 A1g        	 E         
   2 	 A2g        	 C17       
   3 	 E1g        	 C17^2     
   4 	 E2g        	 C17^3     
   5 	 E3g        	 C17^4     
   6 	 E4g        	 C17^5     
   7 	 E5g        	 C17^6     
   8 	 E6g        	 C17^7     
   9 	 E7g        	 C17^8     
  10 	 E8g        	 C2'       
  11 	 A1u        	 i         
  12 	 A2u        	 S34       
  13 	 E1u        	 S34^3     
  14 	 E2u        	 S34^5     
  15 	 E3u        	 S34^7     
  16 	 E4u        	 S34^9     
  17 	 E5u        	 S34^11    
  18 	 E6u        	 S34^13    
  19 	 E7u        	 S34^15    
  20 	 E8u        	 sd        

Table
         1         2         3         4         5         6         7         8         9         10        11        12        13        14        15        16        17        18        19        20     
   1   1.00000   1.00000   1.00000   1.00000   1.00000   1.00000   1.00000   1.00000   1.00000   1.00000   1.00000   1.00000   1.00000   1.00000   1.00000   1.00000   1.00000   1.00000   1.00000   1.00000  
   2   1.00000   1.00000   1.00000   1.00000   1.00000   1.00000   1.00000   1.00000   1.00000  -1.00000   1.00000   1.00000   1.00000   1.00000   1.00000   1.00000   1.00000   1.00000   1.00000  -1.00000  
   3   2.00000   1.86494   1.47802   0.89148   0.18454  -0.54733  -1.20527  -1.70043  -1.96595   0.00000   2.00000  -1.96595  -1.70043  -1.20527  -0.54733   0.18454   0.89148   1.47802   1.86494   0.00000  
   4   2.00000   1.47802   0.18454  -1.20527  -1.96595  -1.70043  -0.54733   0.89148   1.86494   0.00000   2.00000   1.86494   0.89148  -0.54733  -1.70043  -1.96595  -1.20527   0.18454   1.47802   0.00000  
   5   2.00000   0.89148  -1.20527  -1.96595  -0.54733   1.47802   1.86494   0.18454  -1.70043   0.00000   2.00000  -1.70043   0.18454   1.86494   1.47802  -0.54733  -1.96595  -1.20527   0.89148   0.00000  
   6   2.00000   0.18454  -1.96595  -0.54733   1.86494   0.89148  -1.70043  -1.20527   1.47802   0.00000   2.00000   1.47802  -1.20527  -1.70043   0.89148   1.86494  -0.54733  -1.96595   0.18454   0.00000  
   7   2.00000  -0.54733  -1.70043   1.47802   0.89148  -1.96595   0.18454   1.86494  -1.20527   0.00000   2.00000  -1.20527   1.86494   0.18454  -1.96595   0.89148   1.47802  -1.70043  -0.54733   0.00000  
   8   2.00000  -1.20527  -0.54733   1.86494  -1.70043   0.18454   1.47802  -1.96595   0.89148   0.00000   2.00000   0.89148  -1.96595   1.47802   0.18454  -1.70043   1.86494  -0.54733  -1.20527   0.00000  
   9   2.00000  -1.70043   0.89148   0.18454  -1.20527   1.86494  -1.96595   1.47802  -0.54733   0.00000   2.00000  -0.54733   1.47802  -1.96595   1.86494  -1.20527   0.18454   0.89148  -1.70043   0.00000  
  10   2.00000  -1.96595   1.86494  -1.70043   1.47802  -1.20527   0.89148  -0.54733   0.18454   0.00000   2.00000   0.18454  -0.54733   0.89148  -1.20527   1.47802  -1.70043   1.86494  -1.96595   0.00000  
  11   1.00000   1.00000   1.00000   1.00000   1.00000   1.00000   1.00000   1.00000   1.00000   1.00000  -1.00000  -1.00000  -1.00000  -1.00000  -1.00000  -1.00000  -1.00000  -1.00000  -1.00000  -1.00000  
  12   1.00000   1.00000   1.00000   1.00000   1.00000   1.00000   1.00000   1.00000   1.00000  -1.00000  -1.00000  -1.00000  -1.00000  -1.00000  -1.00000  -1.00000  -1.00000  -1.00000  -1.00000   1.00000  
  13   2.00000   1.86494   1.47802   0.89148   0.18454  -0.54733  -1.20527  -1.70043  -1.96595   0.00000  -2.00000   1.96595   1.70043   1.20527   0.54733  -0.18454  -0.89148  -1.47802  -1.86494   0.00000  
  14   2.00000   1.47802   0.18454  -1.20527  -1.96595  -1.70043  -0.54733   0.89148   1.86494   0.00000  -2.00000  -1.86494  -0.89148   0.54733   1.70043   1.96595   1.20527  -0.18454  -1.47802   0.00000  
  15   2.00000   0.89148  -1.20527  -1.96595  -0.54733   1.47802   1.86494   0.18454  -1.70043   0.00000  -2.00000   1.70043  -0.18454  -1.86494  -1.47802   0.54733   1.96595   1.20527  -0.89148   0.00000  
  16   2.00000   0.18454  -1.96595  -0.54733   1.86494   0.89148  -1.70043  -1.20527   1.47802   0.00000  -2.00000  -1.47802   1.20527   1.70043  -0.89148  -1.86494   0.54733   1.96595  -0.18454   0.00000  
  17   2.00000  -0.54733  -1.70043   1.47802   0.89148  -1.96595   0.18454   1.86494  -1.20527   0.00000  -2.00000   1.20527  -1.86494  -0.18454   1.96595  -0.89148  -1.47802   1.70043   0.54733   0.00000  
  18   2.00000  -1.20527  -0.54733   1.86494  -1.70043   0.18454   1.47802  -1.96595   0.89148   0.00000  -2.00000  -0.89148   1.96595  -1.47802  -0.18454   1.70043  -1.86494   0.54733   1.20527   0.00000  
  19   2.00000  -1.70043   0.89148   0.18454  -1.20527   1.86494  -1.96595   1.47802  -0.54733   0.00000  -2.00000   0.54733  -1.47802   1.96595  -1.86494   1.20527  -0.18454  -0.89148   1.70043   0.00000  
  20   2.00000  -1.96595   1.86494  -1.70043   1.47802  -1.20527   0.89148  -0.54733   0.18454   0.00000  -2.00000  -0.18454   0.54733  -0.89148   1.20527  -1.47802   1.70043  -1.86494   1.96595   0.00000  

