Group	D19 
n	11

     	Irred     	Operation
   1 	 A1         	 E         
   2 	 A2         	 C19       
   3 	 E1         	 C19^2     
   4 	 E2         	 C19^3     
   5 	 E3         	 C19^4     
   6 	 E4         	 C19^5     
   7 	 E5         	 C19^6     
   8 	 E6         	 C19^7     
   9 	 E7         	 C19^8     
  10 	 E8         	 C19^9     
  11 	 E9         	 C2'       

Table
         1         2         3         4         5         6         7         8         9         10        11     
   1   1.00000   1.00000   1.00000   1.00000   1.00000   1.00000   1.00000   1.00000   1.00000   1.00000   1.00000  
   2   1.00000   1.00000   1.00000   1.00000   1.00000   1.00000   1.00000   1.00000   1.00000   1.00000  -1.00000  
   3   2.00000   1.89160   1.57820   1.09390   0.49090  -0.16510  -0.80330  -1.35450  -1.75890  -1.97270   0.00000  
   4   2.00000   1.57820   0.49090  -0.80330  -1.75890  -1.97270  -1.35450  -0.16510   1.09390   1.89160   0.00000  
   5   2.00000   1.09390  -0.80330  -1.97270  -1.35450   0.49090   1.89160   1.57820  -0.16510  -1.75890   0.00000  
   6   2.00000   0.49090  -1.75890  -1.35450   1.09390   1.89160  -0.16510  -1.97270  -0.80330   1.57820   0.00000  
   7   2.00000  -0.16510  -1.97270   0.49090   1.89160  -0.80330  -1.75890   1.09390   1.57820  -1.35450   0.00000  
   8   2.00000  -0.80330  -1.35450   1.89160  -0.16510  -1.75890   1.57820   0.49090  -1.97270   1.09390   0.00000  
   9   2.00000  -1.35450  -0.16510   1.57820  -1.97270   1.09390   0.49090  -1.75890   1.89160  -0.80330   0.00000  
  10   2.00000  -1.75890   1.09390  -0.16510  -0.80330   1.57820  -1.97270   1.89160  -1.35450   0.49090   0.00000  
  11   2.00000  -1.97270   1.89160  -1.75890   1.57820  -1.35450   1.09390  -0.80330   0.49090  -0.16510   0.00000  

