Group	D19d 
n	22

     	Irred     	Operation
   1 	 A1g        	 E         
   2 	 A2g        	 C19       
   3 	 E1g        	 C19^2     
   4 	 E2g        	 C19^3     
   5 	 E3g        	 C19^4     
   6 	 E4g        	 C19^5     
   7 	 E5g        	 C19^6     
   8 	 E6g        	 C19^7     
   9 	 E7g        	 C19^8     
  10 	 E8g        	 C19^9     
  11 	 E9g        	 C2'       
  12 	 A1u        	 i         
  13 	 A2u        	 S38       
  14 	 E1u        	 S38^3     
  15 	 E2u        	 S38^5     
  16 	 E3u        	 S38^7     
  17 	 E4u        	 S38^9     
  18 	 E5u        	 S38^11    
  19 	 E6u        	 S38^13    
  20 	 E7u        	 S38^15    
  21 	 E8u        	 S38^17    
  22 	 E9u        	 sd        

Table
         1         2         3         4         5         6         7         8         9         10        11        12        13        14        15        16        17        18        19        20        21        22     
   1   1.00000   1.00000   1.00000   1.00000   1.00000   1.00000   1.00000   1.00000   1.00000   1.00000   1.00000   1.00000   1.00000   1.00000   1.00000   1.00000   1.00000   1.00000   1.00000   1.00000   1.00000   1.00000  
   2   1.00000   1.00000   1.00000   1.00000   1.00000   1.00000   1.00000   1.00000   1.00000   1.00000  -1.00000   1.00000   1.00000   1.00000   1.00000   1.00000   1.00000   1.00000   1.00000   1.00000   1.00000  -1.00000  
   3   2.00000   1.89163   1.57828   1.09390   0.49097  -0.16516  -0.80339  -1.35456  -1.75895  -1.97272   0.00000   2.00000  -1.97272  -1.75895  -1.35456  -0.80339  -0.16516   0.49097   1.09390   1.57828   1.89163   0.00000  
   4   2.00000   1.57828   0.49097  -0.80339  -1.75895  -1.97272  -1.35456  -0.16516   1.09390   1.89163   0.00000   2.00000   1.89163   1.09390  -0.16516  -1.35456  -1.97272  -1.75895  -0.80339   0.49097   1.57828   0.00000  
   5   2.00000   1.09390  -0.80339  -1.97272  -1.35456   0.49097   1.89163   1.57828  -0.16516  -1.75895   0.00000   2.00000  -1.75895  -0.16516   1.57828   1.89163   0.49097  -1.35456  -1.97272  -0.80339   1.09390   0.00000  
   6   2.00000   0.49097  -1.75895  -1.35456   1.09390   1.89163  -0.16516  -1.97272  -0.80339   1.57828   0.00000   2.00000   1.57828  -0.80339  -1.97272  -0.16516   1.89163   1.09390  -1.35456  -1.75895   0.49097   0.00000  
   7   2.00000  -0.16516  -1.97272   0.49097   1.89163  -0.80339  -1.75895   1.09390   1.57828  -1.35456   0.00000   2.00000  -1.35456   1.57828   1.09390  -1.75895  -0.80339   1.89163   0.49097  -1.97272  -0.16516   0.00000  
   8   2.00000  -0.80339  -1.35456   1.89163  -0.16516  -1.75895   1.57828   0.49097  -1.97272   1.09390   0.00000   2.00000   1.09390  -1.97272   0.49097   1.57828  -1.75895  -0.16516   1.89163  -1.35456  -0.80339   0.00000  
   9   2.00000  -1.35456  -0.16516   1.57828  -1.97272   1.09390   0.49097  -1.75895   1.89163  -0.80339   0.00000   2.00000  -0.80339   1.89163  -1.75895   0.49097   1.09390  -1.97272   1.57828  -0.16516  -1.35456   0.00000  
  10   2.00000  -1.75895   1.09390  -0.16516  -0.80339   1.57828  -1.97272   1.89163  -1.35456   0.49097   0.00000   2.00000   0.49097  -1.35456   1.89163  -1.97272   1.57828  -0.80339  -0.16516   1.09390  -1.75895   0.00000  
  11   2.00000  -1.97272   1.89163  -1.75895   1.57828  -1.35456   1.09390  -0.80339   0.49097  -0.16516   0.00000   2.00000  -0.16516   0.49097  -0.80339   1.09390  -1.35456   1.57828  -1.75895   1.89163  -1.97272   0.00000  
  12   1.00000   1.00000   1.00000   1.00000   1.00000   1.00000   1.00000   1.00000   1.00000   1.00000   1.00000  -1.00000  -1.00000  -1.00000  -1.00000  -1.00000  -1.00000  -1.00000  -1.00000  -1.00000  -1.00000  -1.00000  
  13   1.00000   1.00000   1.00000   1.00000   1.00000   1.00000   1.00000   1.00000   1.00000   1.00000  -1.00000  -1.00000  -1.00000  -1.00000  -1.00000  -1.00000  -1.00000  -1.00000  -1.00000  -1.00000  -1.00000   1.00000  
  14   2.00000   1.89163   1.57828   1.09390   0.49097  -0.16516  -0.80339  -1.35456  -1.75895  -1.97272   0.00000  -2.00000   1.97272   1.75895   1.35456   0.80339   0.16516  -0.49097  -1.09390  -1.57828  -1.89163   0.00000  
  15   2.00000   1.57828   0.49097  -0.80339  -1.75895  -1.97272  -1.35456  -0.16516   1.09390   1.89163   0.00000  -2.00000  -1.89163  -1.09390   0.16516   1.35456   1.97272   1.75895   0.80339  -0.49097  -1.57828   0.00000  
  16   2.00000   1.09390  -0.80339  -1.97272  -1.35456   0.49097   1.89163   1.57828  -0.16516  -1.75895   0.00000  -2.00000   1.75895   0.16516  -1.57828  -1.89163  -0.49097   1.35456   1.97272   0.80339  -1.09390   0.00000  
  17   2.00000   0.49097  -1.75895  -1.35456   1.09390   1.89163  -0.16516  -1.97272  -0.80339   1.57828   0.00000  -2.00000  -1.57828   0.80339   1.97272   0.16516  -1.89163  -1.09390   1.35456   1.75895  -0.49097   0.00000  
  18   2.00000  -0.16516  -1.97272   0.49097   1.89163  -0.80339  -1.75895   1.09390   1.57828  -1.35456   0.00000  -2.00000   1.35456  -1.57828  -1.09390   1.75895   0.80339  -1.89163  -0.49097   1.97272   0.16516   0.00000  
  19   2.00000  -0.80339  -1.35456   1.89163  -0.16516  -1.75895   1.57828   0.49097  -1.97272   1.09390   0.00000  -2.00000  -1.09390   1.97272  -0.49097  -1.57828   1.75895   0.16516  -1.89163   1.35456   0.80339   0.00000  
  20   2.00000  -1.35456  -0.16516   1.57828  -1.97272   1.09390   0.49097  -1.75895   1.89163  -0.80339   0.00000  -2.00000   0.80339  -1.89163   1.75895  -0.49097  -1.09390   1.97272  -1.57828   0.16516   1.35456   0.00000  
  21   2.00000  -1.75895   1.09390  -0.16516  -0.80339   1.57828  -1.97272   1.89163  -1.35456   0.49097   0.00000  -2.00000  -0.49097   1.35456  -1.89163   1.97272  -1.57828   0.80339   0.16516  -1.09390   1.75895   0.00000  
  22   2.00000  -1.97272   1.89163  -1.75895   1.57828  -1.35456   1.09390  -0.80339   0.49097  -0.16516   0.00000  -2.00000   0.16516  -0.49097   0.80339  -1.09390   1.35456  -1.57828   1.75895  -1.89163   1.97272   0.00000  

