Group	D21d 
n	24

     	Irred     	Operation
   1 	 A1g        	 E         
   2 	 A2g        	 C21       
   3 	 E1g        	 C21^2     
   4 	 E2g        	 C7        
   5 	 E3g        	 C21^4     
   6 	 E4g        	 C21^5     
   7 	 E5g        	 C7^2      
   8 	 E6g        	 C3        
   9 	 E7g        	 C21^8     
  10 	 E8g        	 C7^3      
  11 	 E9g        	 C21^10    
  12 	 E10g       	 C2'       
  13 	 A1u        	 i         
  14 	 A2u        	 S42       
  15 	 E1u        	 S14       
  16 	 E2u        	 S42^5     
  17 	 E3u        	 S6        
  18 	 E4u        	 S14^3     
  19 	 E5u        	 S42^11    
  20 	 E6u        	 S42^13    
  21 	 E7u        	 S14^5     
  22 	 E8u        	 S42^17    
  23 	 E9u        	 S42^19    
  24 	 E10u       	 sd        

Table
         1         2         3         4         5         6         7         8         9         10        11        12        13        14        15        16        17        18        19        20        21        22        23        24     
   1   1.00000   1.00000   1.00000   1.00000   1.00000   1.00000   1.00000   1.00000   1.00000   1.00000   1.00000   1.00000   1.00000   1.00000   1.00000   1.00000   1.00000   1.00000   1.00000   1.00000   1.00000   1.00000   1.00000   1.00000  
   2   1.00000   1.00000   1.00000   1.00000   1.00000   1.00000   1.00000   1.00000   1.00000   1.00000   1.00000  -1.00000   1.00000   1.00000   1.00000   1.00000   1.00000   1.00000   1.00000   1.00000   1.00000   1.00000   1.00000  -1.00000  
   3   2.00000   1.91115   1.65248   1.24698   0.73068   0.14946  -0.44504  -1.00000  -1.46610  -1.80194  -1.97766   0.00000   2.00000  -1.97766  -1.80194  -1.46610  -1.00000  -0.44504   0.14946   0.73068   1.24698   1.65248   1.91115   0.00000  
   4   2.00000   1.65248   0.73068  -0.44504  -1.46610  -1.97766  -1.80194  -1.00000   0.14946   1.24698   1.91115   0.00000   2.00000   1.91115   1.24698   0.14946  -1.00000  -1.80194  -1.97766  -1.46610  -0.44504   0.73068   1.65248   0.00000  
   5   2.00000   1.24698  -0.44504  -1.80194  -1.80194  -0.44504   1.24698   2.00000   1.24698  -0.44504  -1.80194   0.00000   2.00000  -1.80194  -0.44504   1.24698   2.00000   1.24698  -0.44504  -1.80194  -1.80194  -0.44504   1.24698   0.00000  
   6   2.00000   0.73068  -1.46610  -1.80194   0.14946   1.91115   1.24698  -1.00000  -1.97766  -0.44504   1.65248   0.00000   2.00000   1.65248  -0.44504  -1.97766  -1.00000   1.24698   1.91115   0.14946  -1.80194  -1.46610   0.73068   0.00000  
   7   2.00000   0.14946  -1.97766  -0.44504   1.91115   0.73068  -1.80194  -1.00000   1.65248   1.24698  -1.46610   0.00000   2.00000  -1.46610   1.24698   1.65248  -1.00000  -1.80194   0.73068   1.91115  -0.44504  -1.97766   0.14946   0.00000  
   8   2.00000  -0.44504  -1.80194   1.24698   1.24698  -1.80194  -0.44504   2.00000  -0.44504  -1.80194   1.24698   0.00000   2.00000   1.24698  -1.80194  -0.44504   2.00000  -0.44504  -1.80194   1.24698   1.24698  -1.80194  -0.44504   0.00000  
   9   2.00000  -1.00000  -1.00000   2.00000  -1.00000  -1.00000   2.00000  -1.00000  -1.00000   2.00000  -1.00000   0.00000   2.00000  -1.00000   2.00000  -1.00000  -1.00000   2.00000  -1.00000  -1.00000   2.00000  -1.00000  -1.00000   0.00000  
  10   2.00000  -1.46610   0.14946   1.24698  -1.97766   1.65248  -0.44504  -1.00000   1.91115  -1.80194   0.73068   0.00000   2.00000   0.73068  -1.80194   1.91115  -1.00000  -0.44504   1.65248  -1.97766   1.24698   0.14946  -1.46610   0.00000  
  11   2.00000  -1.80194   1.24698  -0.44504  -0.44504   1.24698  -1.80194   2.00000  -1.80194   1.24698  -0.44504   0.00000   2.00000  -0.44504   1.24698  -1.80194   2.00000  -1.80194   1.24698  -0.44504  -0.44504   1.24698  -1.80194   0.00000  
  12   2.00000  -1.97766   1.91115  -1.80194   1.65248  -1.46610   1.24698  -1.00000   0.73068  -0.44504   0.14946   0.00000   2.00000   0.14946  -0.44504   0.73068  -1.00000   1.24698  -1.46610   1.65248  -1.80194   1.91115  -1.97766   0.00000  
  13   1.00000   1.00000   1.00000   1.00000   1.00000   1.00000   1.00000   1.00000   1.00000   1.00000   1.00000   1.00000  -1.00000  -1.00000  -1.00000  -1.00000  -1.00000  -1.00000  -1.00000  -1.00000  -1.00000  -1.00000  -1.00000  -1.00000  
  14   1.00000   1.00000   1.00000   1.00000   1.00000   1.00000   1.00000   1.00000   1.00000   1.00000   1.00000  -1.00000  -1.00000  -1.00000  -1.00000  -1.00000  -1.00000  -1.00000  -1.00000  -1.00000  -1.00000  -1.00000  -1.00000   1.00000  
  15   2.00000   1.91115   1.65248   1.24698   0.73068   0.14946  -0.44504  -1.00000  -1.46610  -1.80194  -1.97766   0.00000  -2.00000   1.97766   1.80194   1.46610   1.00000   0.44504  -0.14946  -0.73068  -1.24698  -1.65248  -1.91115   0.00000  
  16   2.00000   1.65248   0.73068  -0.44504  -1.46610  -1.97766  -1.80194  -1.00000   0.14946   1.24698   1.91115   0.00000  -2.00000  -1.91115  -1.24698  -0.14946   1.00000   1.80194   1.97766   1.46610   0.44504  -0.73068  -1.65248   0.00000  
  17   2.00000   1.24698  -0.44504  -1.80194  -1.80194  -0.44504   1.24698   2.00000   1.24698  -0.44504  -1.80194   0.00000  -2.00000   1.80194   0.44504  -1.24698  -2.00000  -1.24698   0.44504   1.80194   1.80194   0.44504  -1.24698   0.00000  
  18   2.00000   0.73068  -1.46610  -1.80194   0.14946   1.91115   1.24698  -1.00000  -1.97766  -0.44504   1.65248   0.00000  -2.00000  -1.65248   0.44504   1.97766   1.00000  -1.24698  -1.91115  -0.14946   1.80194   1.46610  -0.73068   0.00000  
  19   2.00000   0.14946  -1.97766  -0.44504   1.91115   0.73068  -1.80194  -1.00000   1.65248   1.24698  -1.46610   0.00000  -2.00000   1.46610  -1.24698  -1.65248   1.00000   1.80194  -0.73068  -1.91115   0.44504   1.97766  -0.14946   0.00000  
  20   2.00000  -0.44504  -1.80194   1.24698   1.24698  -1.80194  -0.44504   2.00000  -0.44504  -1.80194   1.24698   0.00000  -2.00000  -1.24698   1.80194   0.44504  -2.00000   0.44504   1.80194  -1.24698  -1.24698   1.80194   0.44504   0.00000  
  21   2.00000  -1.00000  -1.00000   2.00000  -1.00000  -1.00000   2.00000  -1.00000  -1.00000   2.00000  -1.00000   0.00000  -2.00000   1.00000  -2.00000   1.00000   1.00000  -2.00000   1.00000   1.00000  -2.00000   1.00000   1.00000   0.00000  
  22   2.00000  -1.46610   0.14946   1.24698  -1.97766   1.65248  -0.44504  -1.00000   1.91115  -1.80194   0.73068   0.00000  -2.00000  -0.73068   1.80194  -1.91115   1.00000   0.44504  -1.65248   1.97766  -1.24698  -0.14946   1.46610   0.00000  
  23   2.00000  -1.80194   1.24698  -0.44504  -0.44504   1.24698  -1.80194   2.00000  -1.80194   1.24698  -0.44504   0.00000  -2.00000   0.44504  -1.24698   1.80194  -2.00000   1.80194  -1.24698   0.44504   0.44504  -1.24698   1.80194   0.00000  
  24   2.00000  -1.97766   1.91115  -1.80194   1.65248  -1.46610   1.24698  -1.00000   0.73068  -0.44504   0.14946   0.00000  -2.00000  -0.14946   0.44504  -0.73068   1.00000  -1.24698   1.46610  -1.65248   1.80194  -1.91115   1.97766   0.00000  

