Group	D8d 
n	11

     	Irred     	Operation
   1 	 A1         	 E         
   2 	 A2         	 S16       
   3 	 B1         	 C8        
   4 	 B2         	 S16^3     
   5 	 E1         	 C4        
   6 	 E2         	 S16^5     
   7 	 E3         	 C8^3      
   8 	 E4         	 S16^7     
   9 	 E5         	 C2        
  10 	 E6         	 C2'       
  11 	 E7         	 sd        

Table
         1         2         3         4         5         6         7         8         9         10        11     
   1   1.00000   1.00000   1.00000   1.00000   1.00000   1.00000   1.00000   1.00000   1.00000   1.00000   1.00000  
   2   1.00000   1.00000   1.00000   1.00000   1.00000   1.00000   1.00000   1.00000   1.00000  -1.00000  -1.00000  
   3   1.00000  -1.00000   1.00000  -1.00000   1.00000  -1.00000   1.00000  -1.00000   1.00000   1.00000  -1.00000  
   4   1.00000  -1.00000   1.00000  -1.00000   1.00000  -1.00000   1.00000  -1.00000   1.00000  -1.00000   1.00000  
   5   2.00000   1.84770   1.41420   0.76530   0.00000  -0.76530  -1.41420  -1.84770  -2.00000   0.00000   0.00000  
   6   2.00000   1.41420   0.00000  -1.41420  -2.00000  -1.41420   0.00000   1.41420   2.00000   0.00000   0.00000  
   7   2.00000   0.76530  -1.41420  -1.84770   0.00000   1.84770   1.41420  -0.76530  -2.00000   0.00000   0.00000  
   8   2.00000   0.00000  -2.00000   0.00000   2.00000   0.00000  -2.00000   0.00000   2.00000   0.00000   0.00000  
   9   2.00000  -0.76530  -1.41420   1.84770   0.00000  -1.84770   1.41420   0.76530  -2.00000   0.00000   0.00000  
  10   2.00000  -1.41420   0.00000   1.41420  -2.00000   1.41420   0.00000  -1.41420   2.00000   0.00000   0.00000  
  11   2.00000  -1.84770   1.41420  -0.76530   0.00000   0.76530  -1.41420   1.84770  -2.00000   0.00000   0.00000  

